﻿"Area","Variable","Unit","Ember_region","Date","month","month_sin","month_cos","VALUE","weight","Combined_Recovery_Rate","cumulative_trend_part","sales_gradient","total_fossil","total_sales","United_States_all_sectors","Value_F","Iron_Steel_Products","Combined_Transportation","cumulative_gradient","trend_part"
"United States of America","Total emissions","mtCO2","North America","2016-01-01 00:00:00","1","0","1","172.11","1.5","54.52","5.33","16.18","227060","241382","149158000","32.22","68.77","123","16.18","53.3"
"United States of America","Total emissions","mtCO2","North America","2016-02-01 00:00:00","2","0.5","0.866025","145.89","1.22","54.27","10.68","30.91","194664","219411","148963000","39.47","70.74","122.8","14.73","53.51"
"United States of America","Total emissions","mtCO2","North America","2016-03-01 00:00:00","3","0.866025","0.5","129.25","1.03","52.76","16.08","44.61","179104","205966","150355000","47.48","71.64","121.6","13.7","53.96"
"United States of America","Total emissions","mtCO2","North America","2016-04-01 00:00:00","4","1","6.12323e-17","126.29","1","55.15","21.56","57.35","174058","190289","149340000","53.19","71.45","123.5","12.74","54.86"
"United States of America","Total emissions","mtCO2","North America","2016-05-01 00:00:00","5","0.866025","-0.5","141.79","1.17","54.77","27.17","70.86","195225","202635","149976000","60.31","73.05","123.2","13.51","56.05"
"United States of America","Total emissions","mtCO2","North America","2016-06-01 00:00:00","6","0.5","-0.866025","185.63","1.65","55.78","32.86","87.2","250577","245574","150311000","71.74","73.27","124","16.34","56.9"
"United States of America","Total emissions","mtCO2","North America","2016-07-01 00:00:00","7","1.22465e-16","-1","216.08","1.99","57.04","38.55","106.15","291431","284447","150065000","75.2","70.69","125","18.95","56.96"
"United States of America","Total emissions","mtCO2","North America","2016-08-01 00:00:00","8","-0.5","-0.866025","217.07","2","55.53","44.2","125.52","293961","291461","150433000","73.51","70.24","123.8","19.37","56.43"
"United States of America","Total emissions","mtCO2","North America","2016-09-01 00:00:00","9","-0.866025","-0.5","180.49","1.6","55.15","49.78","142.33","242767","252856","150429000","67.1","68.13","123.5","16.81","55.85"
"United States of America","Total emissions","mtCO2","North America","2016-10-01 00:00:00","10","-1","-1.83697e-16","153.9","1.3","55.28","55.3","156.59","204577","214471","150361000","57.7","66.62","123.6","14.26","55.21"
"United States of America","Total emissions","mtCO2","North America","2016-11-01 00:00:00","11","-0.866025","0.5","137.71","1.13","56.03","60.76","169.78","183773","198304","150334000","47.95","69.56","124.2","13.19","54.62"
"United States of America","Total emissions","mtCO2","North America","2016-12-01 00:00:00","12","-0.5","0.866025","169.55","1.48","57.16","66.12","185.11","218235","231453","150936000","32.95","72.43","125.1","15.33","53.6"
"United States of America","Total emissions","mtCO2","North America","2017-01-01 00:00:00","1","0","1","165.81","1.48","57.29","5.32","15.8","214087","238700","151095000","33.57","74.81","125.2","15.8","53.16"
"United States of America","Total emissions","mtCO2","North America","2017-02-01 00:00:00","2","0.5","0.866025","131.37","1.02","57.41","10.65","29.13","172229","200608","150455000","41.16","73.77","125.3","13.33","53.35"
"United States of America","Total emissions","mtCO2","North America","2017-03-01 00:00:00","3","0.866025","0.5","140.95","1.15","57.79","16.03","42.96","187294","210269","152073000","46.13","72.62","125.6","13.83","53.8"
"United States of America","Total emissions","mtCO2","North America","2017-04-01 00:00:00","4","1","6.12323e-17","129.55","1","58.54","21.49","55.77","172189","193314","150949000","53.78","72.73","126.2","12.81","54.58"
"United States of America","Total emissions","mtCO2","North America","2017-05-01 00:00:00","5","0.866025","-0.5","145.87","1.22","59.05","27.02","69.48","193724","208153","151783000","60.55","72.24","126.6","13.71","55.28"
"United States of America","Total emissions","mtCO2","North America","2017-06-01 00:00:00","6","0.5","-0.866025","170.16","1.54","58.67","32.65","85.42","227744","242556","152126000","70.32","72.8","126.3","15.94","56.38"
"United States of America","Total emissions","mtCO2","North America","2017-07-01 00:00:00","7","1.22465e-16","-1","205.31","2","61.06","38.3","103.84","277596","279177","151550000","75.69","72.35","128.2","18.42","56.44"
"United States of America","Total emissions","mtCO2","North America","2017-08-01 00:00:00","8","-0.5","-0.866025","194.4","1.86","61.56","43.86","121.6","263662","270488","152318000","72","73.64","128.6","17.76","55.63"
"United States of America","Total emissions","mtCO2","North America","2017-09-01 00:00:00","9","-0.866025","-0.5","161.31","1.42","60.05","49.33","137.26","219036","237568","151662000","66.25","74.91","127.4","15.66","54.66"
"United States of America","Total emissions","mtCO2","North America","2017-10-01 00:00:00","10","-1","-1.83697e-16","147.27","1.23","62.69","54.69","151.44","199214","216098","152408000","55.69","74.35","129.5","14.18","53.66"
"United States of America","Total emissions","mtCO2","North America","2017-11-01 00:00:00","11","-0.866025","0.5","142.02","1.16","64.45","59.96","164.78","188729","203294","152355000","45.03","75.3","130.9","13.34","52.61"
"United States of America","Total emissions","mtCO2","North America","2017-12-01 00:00:00","12","-0.5","0.866025","166.64","1.49","65.45","65.17","179.94","221888","231311","152578000","34.29","74.25","131.7","15.16","52.17"
"United States of America","Total emissions","mtCO2","North America","2018-01-01 00:00:00","1","0","1","180.72","1.7","64.07","5.18","17.28","237343","263842","152693000","32.16","74.03","130.6","17.28","51.79"
"United States of America","Total emissions","mtCO2","North America","2018-02-01 00:00:00","2","0.5","0.866025","135.46","1.11","66.83","10.39","31.5","183375","216436","152176000","35.51","76.41","132.8","14.22","52.1"
"United States of America","Total emissions","mtCO2","North America","2018-03-01 00:00:00","3","0.866025","0.5","138.81","1.15","67.71","15.66","45.55","189998","215326","153250000","42.73","78.46","133.5","14.05","52.76"
"United States of America","Total emissions","mtCO2","North America","2018-04-01 00:00:00","4","1","6.12323e-17","127.38","1","67.84","21.05","58.56","174655","198785","152768000","49.01","76.94","133.6","13.01","53.84"
"United States of America","Total emissions","mtCO2","North America","2018-05-01 00:00:00","5","0.866025","-0.5","148.14","1.27","68.84","26.51","72.69","203516","217023","153586000","65.5","77.72","134.4","14.13","54.62"
"United States of America","Total emissions","mtCO2","North America","2018-06-01 00:00:00","6","0.5","-0.866025","171.94","1.59","69.6","32.02","89.11","235580","251924","153410000","71.53","77.97","135","16.42","55.14"
"United States of America","Total emissions","mtCO2","North America","2018-07-01 00:00:00","7","1.22465e-16","-1","203.28","2","68.59","37.57","107.7","283524","285088","153368000","75.43","78.28","134.2","18.59","55.45"
"United States of America","Total emissions","mtCO2","North America","2018-08-01 00:00:00","8","-0.5","-0.866025","201.46","1.98","69.1","43.09","126.43","280357","288344","153987000","73.49","79.83","134.6","18.73","55.18"
"United States of America","Total emissions","mtCO2","North America","2018-09-01 00:00:00","9","-0.866025","-0.5","172.6","1.6","69.72","48.51","142.81","241587","250943","153229000","67.51","80.35","135.1","16.38","54.19"
"United States of America","Total emissions","mtCO2","North America","2018-10-01 00:00:00","10","-1","-1.83697e-16","153.7","1.35","71.86","53.85","157.31","213137","223182","153940000","53.71","81.39","136.8","14.5","53.4"
"United States of America","Total emissions","mtCO2","North America","2018-11-01 00:00:00","11","-0.866025","0.5","150.98","1.31","71.48","59.07","170.9","203791","208773","153616000","40.01","81.15","136.5","13.59","52.25"
"United States of America","Total emissions","mtCO2","North America","2018-12-01 00:00:00","12","-0.5","0.866025","159.13","1.42","70.35","64.19","185.91","213155","231178","154043000","35.51","79.85","135.6","15.01","51.15"
"United States of America","Total emissions","mtCO2","North America","2019-01-01 00:00:00","1","0","1","166.38","1.64","70.23","5.05","15.89","225951","245330","154428000","32.56","77.12","135.5","15.89","50.54"
"United States of America","Total emissions","mtCO2","North America","2019-02-01 00:00:00","2","0.5","0.866025","140.54","1.3","69.97","10.12","30.2","194781","218679","152788000","31.84","77.9","135.3","14.31","50.64"
"United States of America","Total emissions","mtCO2","North America","2019-03-01 00:00:00","3","0.866025","0.5","141.48","1.32","71.36","15.24","44.42","196887","220073","154726000","40.28","78.06","136.4","14.22","51.2"
"United States of America","Total emissions","mtCO2","North America","2019-04-01 00:00:00","4","1","6.12323e-17","117.5","1","71.48","20.49","56.9","166402","192830","154494000","52.83","78.31","136.5","12.48","52.54"
"United States of America","Total emissions","mtCO2","North America","2019-05-01 00:00:00","5","0.866025","-0.5","136.3","1.25","71.73","25.86","70.54","191910","211532","155069000","59.49","77.02","136.7","13.64","53.63"
"United States of America","Total emissions","mtCO2","North America","2019-06-01 00:00:00","6","0.5","-0.866025","153.71","1.48","70.98","31.27","85.79","219156","235861","154673000","68.7","75.09","136.1","15.25","54.14"
"United States of America","Total emissions","mtCO2","North America","2019-07-01 00:00:00","7","1.22465e-16","-1","193.39","2","72.49","36.72","104.14","276033","284700","155192000","74.59","77.55","137.3","18.35","54.49"
"United States of America","Total emissions","mtCO2","North America","2019-08-01 00:00:00","8","-0.5","-0.866025","188.58","1.94","74.75","42.2","122.22","272188","280859","155347000","73.72","78.68","139.1","18.08","54.83"
"United States of America","Total emissions","mtCO2","North America","2019-09-01 00:00:00","9","-0.866025","-0.5","166.67","1.65","71.61","47.65","138.59","238261","253626","154958000","68.41","78.58","136.6","16.37","54.45"
"United States of America","Total emissions","mtCO2","North America","2019-10-01 00:00:00","10","-1","-1.83697e-16","138.4","1.28","71.61","53.03","152.9","199956","223302","156054000","52.03","78.43","136.6","14.31","53.84"
"United States of America","Total emissions","mtCO2","North America","2019-11-01 00:00:00","11","-0.866025","0.5","139.67","1.29","71.86","58.33","166.15","195787","205293","154991000","41.09","79.15","136.8","13.25","53.05"
"United States of America","Total emissions","mtCO2","North America","2019-12-01 00:00:00","12","-0.5","0.866025","144.61","1.36","71.61","63.57","180.83","207112","229079","156056000","36.43","81.94","136.6","14.68","52.34"
"United States of America","Total emissions","mtCO2","North America","2020-01-01 00:00:00","1","0","1","139.84","1.44","71.36","5.2","15.05","203927","234254","155663000","35.53","84.54","136.4","15.05","51.95"
"United States of America","Total emissions","mtCO2","North America","2020-02-01 00:00:00","2","0.5","0.866025","126.8","1.29","70.85","10.41","28.94","186660","215138","154862000","36.16","80.67","136","13.89","52.13"
"United States of America","Total emissions","mtCO2","North America","2020-03-01 00:00:00","3","0.866025","0.5","120.6","1.21","36.56","15.68","42.28","179360","208365","156217000","46.08","77.28","108.7","13.34","52.7"
"United States of America","Total emissions","mtCO2","North America","2020-04-01 00:00:00","4","1","6.12323e-17","102.39","1","0","21.07","54.39","153281","189165","156156000","50.86","55.65","79.6","12.11","53.96"
"United States of America","Total emissions","mtCO2","North America","2020-05-01 00:00:00","5","0.866025","-0.5","111.96","1.11","3.14","26.59","67.22","165898","199980","155927000","60.89","52.98","82.1","12.83","55.15"
"United States of America","Total emissions","mtCO2","North America","2020-06-01 00:00:00","6","0.5","-0.866025","143.61","1.48","8.04","32.19","82.62","210824","241131","156609000","70.27","57.06","86","15.4","56.05"
"United States of America","Total emissions","mtCO2","North America","2020-07-01 00:00:00","7","1.22465e-16","-1","187.67","2","13.82","37.8","101.31","273965","294215","157379000","75.63","59.5","90.6","18.69","56.07"
"United States of America","Total emissions","mtCO2","North America","2020-08-01 00:00:00","8","-0.5","-0.866025","184.79","1.97","17.59","43.39","119.31","267557","281996","156671000","74.68","64.72","93.6","18","55.93"
"United States of America","Total emissions","mtCO2","North America","2020-09-01 00:00:00","9","-0.866025","-0.5","145.38","1.5","21.48","48.85","134.66","212011","241044","157003000","65.89","69.7","96.7","15.35","54.52"
"United States of America","Total emissions","mtCO2","North America","2020-10-01 00:00:00","10","-1","-1.83697e-16","131.88","1.35","21.36","54.25","148.27","193363","213982","157215000","54.28","69.87","96.6","13.61","54.03"
"United States of America","Total emissions","mtCO2","North America","2020-11-01 00:00:00","11","-0.866025","0.5","121.57","1.22","25.38","59.57","160.89","173355","197558","156589000","46.31","71.74","99.8","12.62","53.21"
"United States of America","Total emissions","mtCO2","North America","2020-12-01 00:00:00","12","-0.5","0.866025","148.07","1.54","27.14","64.8","175.78","209141","235217","157983000","35.71","74.6","101.2","14.89","52.31"
"United States of America","Total emissions","mtCO2","North America","2021-01-01 00:00:00","1","0","1","150.06","1.45","30.03","5.2","15.34","210443","241180","157172000","34.59","76.38","103.5","15.34","52.03"
"United States of America","Total emissions","mtCO2","North America","2021-02-01 00:00:00","2","0.5","0.866025","147.63","1.42","29.27","10.41","29.77","201722","224906","155864000","30.61","72.99","102.9","14.43","52.1"
"United States of America","Total emissions","mtCO2","North America","2021-03-01 00:00:00","3","0.866025","0.5","121.12","1.09","29.65","15.7","43.45","171219","217251","158790000","45.52","75.83","103.2","13.68","52.83"
"United States of America","Total emissions","mtCO2","North America","2021-04-01 00:00:00","4","1","6.12323e-17","113.66","1","33.29","21.1","55.63","163467","192612","158168000","51.85","77.71","106.1","12.18","54.06"
"United States of America","Total emissions","mtCO2","North America","2021-05-01 00:00:00","5","0.866025","-0.5","127.29","1.17","36.31","26.6","68.66","180832","205871","157963000","60.33","77.83","108.5","13.03","55.02"
"United States of America","Total emissions","mtCO2","North America","2021-06-01 00:00:00","6","0.5","-0.866025","168.22","1.67","38.69","32.19","84.47","239000","251206","158930000","72.57","79.02","110.4","15.81","55.88"
"United States of America","Total emissions","mtCO2","North America","2021-07-01 00:00:00","7","1.22465e-16","-1","192.95","1.98","40.33","37.82","102.24","274336","282351","158919000","75.4","80.71","111.7","17.77","56.31"
"United States of America","Total emissions","mtCO2","North America","2021-08-01 00:00:00","8","-0.5","-0.866025","194.83","2","39.82","43.46","120.4","277546","288903","159067000","73.96","80.75","111.3","18.16","56.36"
"United States of America","Total emissions","mtCO2","North America","2021-09-01 00:00:00","9","-0.866025","-0.5","154.01","1.5","41.08","48.99","136.12","219663","250100","159138000","67.78","83.18","112.3","15.72","55.28"
"United States of America","Total emissions","mtCO2","North America","2021-10-01 00:00:00","10","-1","-1.83697e-16","134.96","1.26","43.22","54.44","149.75","197035","216238","158703000","56.95","83.4","114","13.63","54.57"
"United States of America","Total emissions","mtCO2","North America","2021-11-01 00:00:00","11","-0.866025","0.5","124.88","1.14","47.11","59.81","162.64","182400","204097","158373000","45.07","82.12","117.1","12.89","53.7"
"United States of America","Total emissions","mtCO2","North America","2021-12-01 00:00:00","12","-0.5","0.866025","130.44","1.21","47.86","65.09","176.64","190100","224212","160112000","39.34","80.43","117.7","14","52.73"
"United States of America","Total emissions","mtCO2","North America","2022-01-01 00:00:00","1","0","1","162.17","1.64","45.98","5.23","16","227210","254109","158858000","31.17","77.47","116.2","16","52.31"
"United States of America","Total emissions","mtCO2","North America","2022-02-01 00:00:00","2","0.5","0.866025","133.94","1.26","50.88","10.48","30.39","188532","228405","158767000","33.66","77.04","120.1","14.39","52.53"
"United States of America","Total emissions","mtCO2","North America","2022-03-01 00:00:00","3","0.866025","0.5","123.55","1.13","52.26","15.8","44.09","175908","220042","160644000","44.08","75.93","121.2","13.7","53.15"
"United States of America","Total emissions","mtCO2","North America","2022-04-01 00:00:00","4","1","6.12323e-17","114.13","1","52.89","21.21","56.77","163033","201998","159340000","50.67","76.77","121.7","12.68","54.15"
"United States of America","Total emissions","mtCO2","North America","2022-05-01 00:00:00","5","0.866025","-0.5","132.96","1.25","53.02","26.72","70.71","192092","223078","160010000","61.92","77.97","121.8","13.94","55.07"
"United States of America","Total emissions","mtCO2","North America","2022-06-01 00:00:00","6","0.5","-0.866025","158.69","1.59","54.27","32.24","86.78","231547","257877","160433000","70.79","76.37","122.8","16.07","55.22"
"United States of America","Total emissions","mtCO2","North America","2022-07-01 00:00:00","7","1.22465e-16","-1","189.19","2","53.39","37.78","105.43","278073","298229","159929000","76.39","76.17","122.1","18.65","55.4"
"United States of America","Total emissions","mtCO2","North America","2022-08-01 00:00:00","8","-0.5","-0.866025","187.59","1.98","55.65","43.34","123.82","276660","295947","160950000","74.59","75.25","123.9","18.39","55.53"
"United States of America","Total emissions","mtCO2","North America","2022-09-01 00:00:00","9","-0.866025","-0.5","150.87","1.49","56.91","48.82","139.6","224523","253436","160582000","68.02","74.64","124.9","15.78","54.83"
"United States of America","Total emissions","mtCO2","North America","2022-10-01 00:00:00","10","-1","-1.83697e-16","127.85","1.18","56.28","54.21","152.77","190250","211643","160689000","55.18","73.88","124.4","13.17","53.91"
"United States of America","Total emissions","mtCO2","North America","2022-11-01 00:00:00","11","-0.866025","0.5","126.65","1.17","54.77","59.51","165.85","186290","210010","160567000","40.96","72.23","123.2","13.08","52.95"
"United States of America","Total emissions","mtCO2","North America","2022-12-01 00:00:00","12","-0.5","0.866025","151.62","1.5","55.28","64.72","181.07","219115","245331","161169000","33.12","71.33","123.6","15.22","52.18"
"United States of America","Total emissions","mtCO2","North America","2023-01-01 00:00:00","1","0","1","137.08","1.37","56.03","5.15","15.11","201391","242552","160518000","35.11","73.5","124.2","15.11","51.51"
"United States of America","Total emissions","mtCO2","North America","2023-02-01 00:00:00","2","0.5","0.866025","115.46","1.1","58.92","10.31","28.5","172792","213977","159862000","36.39","75.65","126.5","13.39","51.61"
"United States of America","Total emissions","mtCO2","North America","2023-03-01 00:00:00","3","0.866025","0.5","123.53","1.2","56.78","15.53","42.18","184524","220863","161412000","40.57","75.49","124.8","13.68","52.18"
"United States of America","Total emissions","mtCO2","North America","2023-04-01 00:00:00","4","1","6.12323e-17","107.38","1","56.66","20.86","54.56","162346","198098","160041000","51.31","74.88","124.7","12.38","53.33"
"United States of America","Total emissions","mtCO2","North America","2023-05-01 00:00:00","5","0.866025","-0.5","120.92","1.17","57.04","26.33","67.64","183653","210883","161235000","62.38","75.24","125","13.08","54.7"
"United States of America","Total emissions","mtCO2","North America","2023-06-01 00:00:00","6","0.5","-0.866025","146.78","1.49","57.04","31.9","82.46","221710","239295","161420000","69.01","75.37","125","14.82","55.71"
"United States of America","Total emissions","mtCO2","North America","2023-07-01 00:00:00","7","1.22465e-16","-1","188.27","2","58.42","37.52","100.66","282339","293246","161131000","75.65","74.29","126.1","18.2","56.14"
"United States of America","Total emissions","mtCO2","North America","2023-08-01 00:00:00","8","-0.5","-0.866025","187.17","1.99","59.3","43.09","118.97","281024","297098","162239000","74.35","74.2","126.8","18.31","55.74"
"United States of America","Total emissions","mtCO2","North America","2023-09-01 00:00:00","9","-0.866025","-0.5","150.66","1.54","60.05","48.67","134.89","227912","256983","161462000","67.75","74.31","127.4","15.92","55.76"
"United States of America","Total emissions","mtCO2","North America","2023-10-01 00:00:00","10","-1","-1.83697e-16","128.93","1.27","59.67","54.19","148.42","194117","219146","161947000","56.05","73.53","127.1","13.53","55.19"
"United States of America","Total emissions","mtCO2","North America","2023-11-01 00:00:00","11","-0.866025","0.5","126.04","1.23","59.3","59.63","161.38","188656","209479","161586000","44.28","73.85","126.8","12.96","54.47"
"United States of America","Total emissions","mtCO2","North America","2023-12-01 00:00:00","12","-0.5","0.866025","136.81","1.36","61.06","64.92","175.46","204784","227970","161945000","39.81","73.5","128.2","14.08","52.85"
"United States of America","Total emissions","mtCO2","North America","2024-01-01 00:00:00","1","0","1","163.25","2","56.03","5","15.86","238951","257682","162505000","31.93","71.24","124.2","15.86","50"
"United States of America","Total emissions","mtCO2","North America","2024-02-01 00:00:00","2","0.5","0.866025","116.7","1.1","59.67","9.65","29.55","176799","224110","163714000","40.86","72.23","127.1","13.69","46.53"
"United States of America","Total emissions","mtCO2","North America","2024-03-01 00:00:00","3","0.866025","0.5","111.32","1","59.8","13.95","42.47","170472","212240","164267000","45","72.22","127.2","12.92","42.99"
